### R code of point 1 of section 2


Baseline <- c( 23289, 24352, 15788, 42998, 29228, 6050, 40960, 53548,
               149776, 134763, 119067, 33276)
MetoHD <- c( 7510, 0, 27972, 38500, 14632, 0, 0, 79388, 96158, 0, 0,
             42137, 52612, 23477)

